12
MAT 1
4 4 4
FIS 2
4 4 4
QUI 3
2 2 4
BIO 4
2 2 4
PORT 5
4 4 4
ING 6
2 2 2
HIST 7
2 2 2
GEO 8
2 2 2
FIL 9
2 2 2
SOC 10
2 2 2
EDFIS 11
2 2 0
ART 12
2 2 0
34
MAT 1 4 1 0
1 1 1 1 1
MAT 2 4 1 1
1 1 1 1 1
MAT 3 4 1 2
1 1 1 1 1
FIS 4 4 2 0
1 1 1 1 1
FIS 5 4 2 1
1 1 1 1 1
FIS 6 4 2 2
1 1 1 1 1
QUI 7 2 3 0
1 1 1 1 1
QUI 8 2 3 1
1 1 1 1 1
QUI 9 4 3 2
1 1 1 1 1
BIO 10 2 4 0
1 1 1 1 1
BIO 11 2 4 1
1 1 1 1 1
BIO 12 4 4 2
1 1 1 1 1

PORT 13 4 5 0
1 1 1 1 1
PORT 14 4 5 1
1 1 1 1 1
PORT 15 4 5 2
1 1 1 1 1
ING 16 2 6 0
1 1 1 1 1
ING 17 2 6 1
1 1 1 1 1
ING 18 2 6 2
1 1 1 1 1
HIST 19 2 7 0
1 1 1 1 1
HIST 20 2 7 1
1 1 1 1 1
HIST 21 2 7 2
1 1 1 1 1
GEO 22 2 8 0
1 1 1 1 1
GEO 23 2 8 1
1 1 1 1 1
GEO 24 2 8 2
1 1 1 1 1

FIL 25 2 9 0
1 1 1 1 1
FIL 26 2 9 1
1 1 1 1 1
FIL 27 2 9 2
1 1 1 1 1
SOC 28 2 10 0
1 1 1 1 1
SOC 29 2 10 1
1 1 1 1 1
SOC 30 2 10 2
1 1 1 1 1

EDFIS 31 2 11 0
1 1 1 1 1
EDFIS 32 2 11 1
1 1 1 1 1
ART 33 2 12 0
1 1 1 1 1
ART 34 2 12 1
1 1 1 1 1

